62288
28607
7393
18980
6859
7709
1693
569
4057
30996
2232
33178
28867
8235
17677
21277
3655
25294
19730
16579
136
43
3185
1981
165
256
3792
21359
1015
20872
2359
1973
15976
2137
11078
4342
2892
21465
6215
22700
5638
650
4196
3119
2010
12609
135
211
1331
5413
5367
2762
17595
7805
20495
23410
12076
7596
20473
1802
4818
7599
7486
12891
20791
3076
5642
2672
9800
25051
4041
1413
3131
975
21346
229
134
2366
29958
1194
6896
13558
3636
12016
15619
5542
6929
1364
15942
1901
3768
30154
1916
4193
7205
6121
8231
14000
31243
2224
3102
21470
6125
10661
1939
15391
137
3101
1886
7816
713
5787
2264
4668
24622
3084
12125
24819
1923
286
5378
521
22908
2708
4368
10859
9422
3761
31346
21216
2596
9437
6120
264
8002
9668
15714
24737
2213
217
15784
33372
17256
24363
2745
4791
4808
1910
3110
16088
730
1131
3690
1053
27617
820
4767
22604
24719
7494
4780
23289
21393
3107
2038
6520
5988
277
1890
6093
6631
23543
15030
4777
14559
5114
690
23281
3093
4792
5983
8026
21313
3085
1912
9247
1043
113
21886
1879
1946
3229
5100
1940
1885
1016
1895
3278
30198
8752
2062
21562
7250
15984
1292
981
10331
19685
1278
653
7211
7643
3337
8154
3104
2957
261
19309
7094
139
223
6204
8151
1771
3201
203
238
3194
3196
3080
1357
31287
21159
7255
18015
1924
1859
1217
22519
3470
5303
9637
2744
6501
2825
1889
21719
7507
10269
367
16041
1836
2845
17878
2022
4000
4787
24245
1012
996
2465
3247
1122
1963
508
2901
6677
3183
4054
31966
18626
274
17019
855
3254
7471
4796
2680
2678
4766
2407
2122
19734
25560
4092
2741
1967
6920
6711
3878
146
23501
4770
3087
666
1426
4053
2880
3077
3676
18581
253
32716
672
2233
976
1971
1290
32417
4785
7935
10915
7137
5949
10391
2897
2578
1020
4762
24393
863
214
20843
255
1225
6510
3962
1363
25048
16972
3879
1361
27946
26750
1972
2978
7270
4065
9819
8321
26703
21000
1816
3992
1688
11193
6149
18633
300
4043
11138
9603
216
6273
263
9712
25913
1883
1371
707
4786
6623
10288
9627
1822
10156
4367
3411
7350
5718
4409
757
5452
10590
8759
2265
844
6134
6288
3969
2754
7959
155
7962
6184
1046
1200
1953
1362
8668
1010
891
20863
933
19648
208
1819
990
5230
249
5819
3205
2194
6773
3186
2915
10996
3079
4045
3226
3168
3656
5021
11721
26056
1887
915
25752
1450
25856
6245
5311
22936
9280
27435
7651
7487
12874
3678
3113
5320
29167
11200
20777
1422
13590
5648
2555
5005
3175
235
7047
5195
1421
10377
10436
3870
3094
8317
2937
1753
4760
14900
7541
1962
3855
24755
3209
11340
4546
7652
4575
5636
5185
1436
33285
9316
32040
4609
31136
3877
31338
24602
5175
19727
8013
5770
911
6926
2128
33278
1294
10416
2571
5325
4021
6168
6522
23996
1769
18661
1871
10918
31780
5941
3644
3857
3803
4782
1002
7421
29145
4087
5390
4778
26317
8710
3239
1775
7152
3174
4070
4326
2234
360
198
2736
4549
23033
26524
4011
11596
6519
9010
22569
26743
8326
152
5925
6558
1415
791
7186
9629
8439
8926
2946
3653
10386
1003
3455
10800
12757
7974
6616
4568
9430
2278
4410
21433
1151
6619
290
7183
2592
1359
5816
4085
654
26851
173
11514
1428
689
5162
1427
1878
1452
10122
1461
9768
1418
6838
997
178
7115
700
13426
5347
6022
3092
7638
5174
5768
18127
3461
14101
2715
9785
2722
2245
29880
7983
21502
3091
3423
3814
4340
1975
1242
7778
4583
21205
22283
6496
2821
3663
4634
5493
237
7566
32427
184
727
10078
10980
7310
2759
8482
13781
269
2740
6268
9539
4675
7808
20786
2004
4813
861
870
11040
1317
9630
974
1927
30396
3508
3631
3762
3199
9681
2830
7083
717
6130
3018
251
1411
2608
12029
14456
2440
3198
13596
1707
2728
1945
1891
1407
4176
10437
2310
4978
14448
1961
11731
376
4508
31522
11626
1050
25580
1778
10129
1966
5131
1123
2696
1441
6142
15107
1941
19560
4862
2303
25063
150
1951
3118
1979
33243
23966
10591
4835
6526
4062
5329
7825
5254
13441
13328
9353
5477
10286
10818
3952
12219
21165
4066
3334
148
1925
6342
2003
11174
4253
4847
17418
3880
7489
4765
3276
7048
2112
3288
9025
12466
26210
3283
13497
8866
1858
8555
5482
4789
1400
8775
32253
25226
9336
32036
487
916
7957
1397
1376
2875
10675
2252
1990
7939
6796
7868
24674
5715
983
6509
5313
22520
8804
926
5592
30384
3121
6132
4420
3963
993
1959
8515
4074
13760
11658
2177
6266
25471
10511
2940
16258
2899
8574
3098
4049
5221
1896
7114
5547
31005
5975
1423
5087
222
3109
2986
2891
5978
518
12859
2028
10750
175
15560
3710
31084
3808
6908
26244
10924
7259
4103
5540
9557
4374
6281
8247
3590
1442
7468
765
1950
9045
6212
5931
1420
26382
158
11595
5760
9753
220
5720
18619
5965
8945
16446
10112
6331
9028
1438
887
259
10062
6692
1212
12661
16546
7337
7106
6753
22540
1403
8698
6918
2814
32385
11858
5034
13587
5804
1746
6135
8012
3662
5843
30478
826
27211
3124
2272
3588
2716
3242
10622
8590
14704
7215
9771
13697
4993
3637
7234
6199
26855
668
8599
8048
10904
7450
8373
354
18352
3220
2021
1487
13496
3586
864
14371
3795
3408
7730
29423
2426
3823
11943
2690
5309
1892
9721
17782
6931
22297
20399
31806
7691
24984
22216
3490
1829
28695
784
1000
3827
32091
166
1392
213
6491
2229
7139
8537
6246
3403
2591
10294
21333
33448
3133
6224
7824
21469
9459
6143
28161
12167
4329
2082
4360
8870
3088
30378
6207
24626
27548
10925
1384
3664
1655
10018
13430
760
9691
685
1419
9882
5982
9901
19697
3212
9244
777
16184
1521
4729
2881
6213
143
3982
9331
21130
6805
8758
27254
5926
5548
10580
4613
6131
294
30097
1803
14380
5218
6605
618
7164
10117
8907
13240
13725
390
3954
4632
5225
9448
5989
7322
12822
4788
5942
1098
992
20604
4871
9561
6802
3404
1919
7015
2851
8769
21322
7485
3600
2726
8701
1129
2921
22882
31444
3987
892
6892
28439
194
651
7661
2309
7509
1862
24914
6503
3189
2130
5722
18724
6778
13444
4545
7914
12900
5270
3882
3881
1983
906
8327
4077
29517
22319
8765
13824
3450
2014
7219
5879
12377
10723
3535
1205
23184
5084
6196
10171
4090
7257
20480
19898
5514
25478
4517
2299
2511
694
3301
988
6837
7701
6182
10776
14670
4658
13362
21471
736
15379
5365
1684
3157
14631
21398
1136
4337
7656
6716
2739
4200
4615
6498
5759
3580
3328
7759
2084
317
3831
303
11167
12523
4058
9357
272
10146
1424
1770
25996
5168
1470
2859
3524
5192
6910
3325
11682
9383
2954
2143
6016
4094
5214
4522
7331
190
7151
32320
6
7984
4335
7167
5236
7814
10504
9482
4529
5944
1368
2136
4088
7569
8392
24188
3132
395
3103
6686
12064
5990
7757
1546
1234
15958
1014
133
6233
3359
5102
29556
32236
23679
4790
6758
5190
327
1391
5887
18636
12332
4561
7101
2102
11749
12117
21160
2686
6887
5111
3444
13268
1379
11938
11282
4348
20493
2622
13493
9114
2725
5095
16578
1911
243
944
221
3837
5191
3152
5959
8986
12350
5644
5754
23488
3142
980
5098
2462
10362
7212
22599
1396
6314
1405
4025
1026
7103
8684
9920
2720
8109
25449
10289
1615
24694
33171
7860
1454
25326
13013
2586
6336
16929
5499
29869
5971
6756
6833
4776
5340
7348
1049
4804
4050
4384
5962
1246
1277
206
6511
1311
1866
8455
31265
8438
7811
7247
3331
6481
1931
2556
10620
140
6117
268
1827
11278
3872
4559
3666
3891
23303
3040
1019
8441
8252
3144
2709
3801
3284
775
3078
1067
5004
2099
21137
3145
2811
24056
562
2913
301
6351
24076
24936
13989
4097
7130
6551
8225
10401
26574
3082
4537
5272
204
16913
984
6240
903
7574
21163
9321
8440
5491
4112
1435
2916
21187
7324
5928
6897
6512
2277
10268
3184
4096
11503
3374
3036
1237
19568
9636
1271
9775
5237
8837
161
5774
1094
22170
144
218
242
13437
4332
226
371
4801
8239
11706
19993
5943
1
18644
5450
3438
10057
5961
6124
2878
10402
9060
2074
5226
3257
4779
6118
6269
25890
14746
3530
1759
2495
3340
14768
1531
6450
2441
9560
2019
4101
2860
314
6293
7321
6575
11765
20348
28063
1139
923
5338
1004
4073
231
4099
4075
1800
5366
4781
3682
8518
7307
7958
1356
1777
240
23319
1837
12918
1395
789
6119
5326
7392
3299
3504
9685
5012
8843
19630
3858
2719
1518
11381
3138
4769
7675
9099
17184
10677
1750
5706
6901
7770
6720
767
6310
12668
8657
5449
11949
973
6160
7635
20146
3913
9570
6788
13701
4759
7128
3083
12731
2242
6539
7642
21768
22707
8828
18685
14751
5506
11104
8275
8872
1096
7708
1248
17287
5343
17601
5003
3903
12723
8052
1926
2944
5791
10205
8501
4841
1446
7856
847
4797
21500
10388
3630
7463
5637
3769
4107
10849
9604
9567
8017
6781
23124
4556
1358
1291
21405
2572
8212
6770
9515
18662
10722
22160
14525
6774
10998
23290
6902
4903
9052
13004
5322
3421
5963
11449
4633
1429
9985
3767
4086
2684
2697
5241
6263
170
6743
7360
10344
340
12688
8868
4518
1985
1269
7985
6860
18103
1893
5733
16226
13731
4809
20852
14980
5252
4365
5208
11322
7173
3629
5113
4851
3780
1310
3439
8
982
930
9521
3516
9245
12093
9519
287
24385
8955
11710
3100
12381
25398
8810
9447
9892
7742
6203
9487
4059
3730
10503
1198
7200
686
8072
2990
3520
9697
31506
2627
7707
7142
7372
324
2072
3369
859
32968
5487
6903
4739
2186
10044
23477
14092
163
3887
2820
16428
10673
1431
1058
6832
6350
4603
1447
10218
3691
5981
16770
10790
9678
11552
10120
12616
12712
19561
23911
7777
2885
15629
4080
9902
3215
722
7127
7806
8214
2083
22427
8557
3154
4635
3231
2853
2738
28912
18635
11184
13448
3153
1847
10081
4081
1747
372
18273
15603
3430
1898
9289
1366
2001
23720
6794
6327
9103
19836
4530
1751
22375
30705
19981
9420
9414
6141
12686
2713
3869
9727
8764
6492
22132
2707
3805
19573
4523
9470
9663
6438
4403
19699
2200
2826
30825
1897
8746
21476
670
24535
16912
2898
5640
5632
5821
8014
7116
16071
12588
7545
1030
10871
12792
5369
12383
1108
11471
7256
2824
21406
2027
12096
7118
3635
17229
515
200
26618
6755
3534
2882
10073
8005
219
907
3812
8543
5304
4811
7390
10285
1266
8904
7869
11250
9718
10965
24167
2706
2721
12957
21617
2718
15430
1935
5011
8234
2498
17556
13408
12137
3788
10137
8558
12522
6276
3820
9051
7655
182
3014
8079
4201
31534
1308
1354
4417
13110
22566
1863
6620
1027
4118
854
4275
5838
22965
8533
5112
23926
3596
2932
33249
26973
271
3533
6158
8506
3648
7132
15757
1766
7228
3874
9722
4415
4763
7490
1374
22523
7014
7109
9203
9573
12222
27287
14979
977
11065
16761
10036
3139
729
711
3350
10060
13260
5639
5083
5974
10961
3512
2541
7826
3501
687
12159
6172
21164
4019
5342
2182
3224
4116
6113
2015
17746
3140
12435
9184
7267
2559
4580
11516
3319
1788
14774
24244
1265
2909
4067
8998
13849
3114
15730
9606
10852
9732
6900
12587
19590
9356
6176
20506
10353
23927
2705
11950
6515
1473
6284
22400
11671
3706
1017
20147
2497
7248
11341
11990
6455
828
13547
8842
3347
6332
766
2035
14315
684
29528
11923
9707
11822
6483
12782
20459
2075
3493
7488
10778
8479
28656
5394
9701
2412
7765
6192
10244
1791
2140
2780
7885
12742
4621
21182
3946
32959
3634
3995
3002
7548
3822
33170
13544
10236
5406
2254
10160
30321
8650
14179
11323
7764
14154
7439
6430
476
7818
5813
7511
12114
392
11805
14075
3435
10345
8665
17154
17876
2533
31821
5297
9246
19701
241
9065
16012
2216
9672
9831
11293
13880
12103
245
4617
9938
1477
8453
4775
1197
483
794
6607
867
8208
3633
724
8268
8228
16632
3105
3496
6664
6493
3766
2877
7834
10127
2089
9173
1365
5108
3468
2101
6546
20504
7861
23491
1956
22527
10919
6256
986
12425
5124
3106
6819
2773
1112
1377
6252
11315
10395
12476
8949
3125
12485
20152
11183
201
23806
13723
10699
14723
1834
2724
26040
23245
732
9360
1906
991
13722
22543
2383
914
16282
3024
1329
10270
771
9101
9488
928
6581
858
7933
9306
15250
6814
12978
11909
7206
7832
31639
1398
11175
11111
10408
9945
2155
1042
6789
10469
8643
5764
8295
3582
10123
151
12818
10443
4834
1845
3672
8210
26279
22392
10480
3947
6771
1903
7781
32676
1993
5958
6621
1744
1869
841
699
7809
3886
3513
1219
12434
1208
8229
13983
5177
1605
1279
7025
3420
10096
11741
5966
4046
21938
7551
22205
22298
7043
5179
12605
10040
4798
3876
846
11817
17103
1250
4721
11492
26634
1942
4671
10636
3238
2549
15667
15890
10076
7570
10429
2417
4815
9485
16962
11688
7464
2982
4538
3735
4535
2888
12970
3449
4016
6032
4044
4551
5858
22745
3279
14399
27409
23291
3722
8875
9518
1425
2113
12638
10434
4104
2682
2936
7446
8379
4072
1285
8984
1062
14939
7756
5317
1851
9610
13510
11241
6193
1960
893
14223
4886
2584
6473
8091
15569
21425
3700
1259
26990
12017
2650
5970
15348
14471
2929
10206
7271
306
2330
6984
2758
5204
3787
407
13634
3816
6147
20501
419
12060
30798
13911
8055
13054
4055
23529
1691
25699
5997
21214
21158
493
31503
3096
2018
13340
3902
20853
12888
15042
21455
1785
8364
924
2997
8130
20519
1195
4512
1070
130
1414
9149
2994
12260
7129
13684
9821
5842
3527
3498
6363
3578
31592
2689
14325
7273
6854
8400
11598
14725
11031
5279
1894
7079
14169
1853
6881
2114
669
5535
30014
3518
15508
657
6559
10802
5778
9168
5541
1047
1457
61
28651
14618
2007
9444
12637
29097
13718
12243
8796
2048
319
13272
11226
25845
1378
5921
8770
33051
8186
5649
422
1849
8443
3263
7276
13266
13120
6672
22521
10916
1685
2760
5222
247
4434
7505
1784
33044
2076
11409
15190
4623
2073
3901
695
10935
13228
3409
14416
14107
877
1459
5761
310
5646
12116
7140
19601
2843
4550
8399
10357
4009
13456
4167
7416
5331
4042
7422
26654
7201
10452
6277
8120
141
11441
7474
2284
1671
27310
8544
10038
5995
2822
24214
4230
6737
10091
12651
1811
1661
3108
394
11308
3298
339
26341
23733
4848
8931
3904
7547
12095
22163
8924
8264
12889
14437
16524
10530
3405
5786
10458
10143
12101
3758
26291
2475
3364
2884
4604
13573
16080
4119
6499
6689
5977
9216
387
254
329
7054
3873
3642
153
1515
10629
9593
9888
9461
21006
4153
571
3433
16030
12875
2704
9974
6531
1909
1373
26578
8277
11132
5353
1513
1399
7340
8700
4317
5612
24964
5894
3888
6392
6940
2992
18962
2835
14376
3817
2732
7459
7293
10627
4378
11820
4802
13780
11521
7102
234
8973
291
1986
16397
8123
3253
2046
2218
252
2567
5093
1216
10728
14321
4552
7410
16532
10355
20858
9428
4020
6809
7644
4363
882
10148
12789
11412
13766
157
2900
11767
6271
1021
9631
8103
23472
8802
8083
7325
5964
224
13630
11683
10234
2049
5539
6970
14030
3431
23730
10169
5956
7170
7785
12816
8219
7641
7066
6086
9956
1367
4842
884
25546
4346
10868
22305
8000
4353
1372
12568
5306
7022
8783
8992
920
369
18695
4305
6791
2077
16909
5645
12136
20634
4605
149
6747
10988
4390
6748
14984
834
13502
2325
4991
4602
23684
8323
12748
15658
5117
5050
2466
1490
15735
1749
5176
9587
4803
22673
7831
10420
10435
27262
11861
3274
7918
5719
1261
1799
1369
5049
8928
7420
24459
13688
9750
8370
4344
19567
5335
4105
6913
3500
8152
6576
4109
2771
8066
16246
14551
25842
5857
19448
7347
7351
1481
2801
4677
23230
7755
18601
20475
3747
2729
9918
2748
191
2819
2515
17909
2908
6909
12097
9812
2659
4120
7143
9783
16361
528
10363
7362
8232
8069
6472
23630
19639
2009
8368
2261
5812
20207
9714
6133
8242
3790
899
8328
174
10791
209
7181
31855
2255
1161
4618
622
4311
8745
7602
3321
10959
3694
25579
11216
2430
3647
18631
2903
3171
6395
16004
5881
6222
5337
8049
8446
3373
11166
9933
2576
20521
4361
10378
6603
4553
8748
3692
24093
7053
1011
8731
6698
2673
2093
285
10110
11885
6746
4932
11970
22033
13230
8157
1825
2809
2973
4533
4513
186
22136
2411
5
2395
2257
8329
3344
7009
6721
1263
5780
4010
6907
3393
12603
3979
19705
5229
6231
3525
2425
11035
793
6354
6566
10111
1821
1232
5895
9091
10855
2231
11969
12309
12750
9953
994
7875
4189
2129
359
11713
4652
7332
2904
20213
11265
6139
5023
21075
6107
12679
10441
8302
8092
10912
4856
12665
11490
4250
5293
21677
5180
9478
7472
9089
22218
5537
8367
12072
6777
13062
22866
8488
2333
15330
19592
17629
7495
5655
3898
9735
3551
9467
3815
4581
17681
2711
4398
17868
2746
29006
8442
10077
23312
13026
2922
12595
12759
7329
2737
3323
4548
998
1172
4375
9803
4322
2290
6697
278
3860
4933
6609
4168
2267
10812
4638
11730
21257
4806
12726
4132
4814
3158
8305
49
20465
1235
4100
18637
11064
13289
11742
5742
3356
13778
3652
5393
1635
12052
14537
702
5565
11343
5187
3923
10065
2002
13900
5402
11474
8503
4084
24354
4239
4297
1144
20486
13363
10094
6265
9720
1031
18053
6939
8258
4
8487
6289
19587
10097
7221
3357
2751
31509
9670
9861
17974
18782
8863
5690
10381
31773
7457
3188
2504
1474
8881
15760
13713
4274
25708
177
20561
6206
32513
6369
3751
22535
11884
21751
6296
5129
9205
28019
10929
267
20450
943
10279
8144
5475
2367
9884
8915
19742
29551
18781
7417
3427
8768
15007
503
5820
3149
21414
16891
1976
1107
3251
3491
14817
2424
17527
13819
7650
9725
14312
11588
28099
6708
2132
7209
1115
6046
2175
1812
1254
2071
14270
12666
9458
15895
874
3645
21718
21140
1817
5656
6217
9824
3702
6521
6244
2499
21168
25860
7842
1148
10438
3679
6775
9608
5312
9041
2164
15694
3097
1999
3273
8942
297
7997
3577
9807
6715
10926
4421
9062
22417
5721
19967
28347
7290
11118
8281
9011
9509
15066
13936
14160
31431
706
2228
1702
23815
3031
3885
2694
4830
1497
5707
2513
2253
2876
6637
21496
9568
207
5383
3826
32038
626
11828
3544
822
16538
1543
4079
335
2886
6007
12071
19627
3385
25371
20503
6178
20484
11127
9667
12438
10105
6840
4943
2097
8781
7615
7294
3668
4233
5324
6655
8613
4964
4435
7069
12168
2005
28657
1222
3217
13263
11905
2699
783
6359
12276
13
5445
8378
12384
21039
11968
11004
4083
2342
2307
7163
13217
11280
9862
1013
3896
6516
18667
26075
7187
5859
3594
1657
2733
11
12400
3684
8614
9462
7055
3807
18236
7010
14981
14479
12051
4426
7308
5472
5927
13645
13884
9835
4723
8667
55
12500
1262
12094
3248
1064
23022
5065
4705
24974
15712
7169
4622
24762
2864
7591
12550
4737
9536
4744
2934
7991
2241
5316
11747
3843
3148
13959
5544
21996
1307
23473
1725
7462
1451
2212
10072
9612
1718
228
7761
9466
8666
12853
4012
11130
25629
3293
3744
2463
7098
16727
20031
23538
22800
13643
20849
7866
2849
20026
24615
4630
31278
8280
9424
12138
491
6366
7166
2195
4018
9988
13344
13610
10598
3585
6449
9106
4428
4905
9374
4071
10676
1708
6538
4056
8223
15648
2134
5043
32203
31987
1850
7067
8940
9207
24190
11022
8310
1091
6356
5346
754
7297
5323
21764
7516
17213
9472
6307
6888
12845
6183
13724
2042
11793
25354
11465
6479
4745
2313
22237
21563
13737
7160
22257
5903
2047
3305
6577
3358
1752
3413
1494
6429
8365
1048
6292
21378
24308
8988
6228
1299
8706
21720
7483
6643
24485
10528
22593
3865
13028
5470
10482
3824
14044
8541
15808
2949
11100
9328
3659
661
4343
3907
3117
4185
1412
10517
5448
21611
7627
9810
16160
21376
9072
15780
10499
5870
3957
6238
1389
5391
5116
265
2409
838
10162
6299
5006
725
1383
5231
1381
10406
9873
5831
410
656
7522
33328
1647
9158
5968
6898
1492
2389
7071
5558
10199
11915
1051
3126
3777
7496
10928
1404
2428
4712
11339
1835
6123
11672
16154
4999
26138
380
2683
9671
11281
14782
2645
7810
3770
2676
10347
7575
6921
7993
5670
3699
22361
6153
9989
6890
24130
683
1601
6779
4339
7024
9159
12627
3255
10903
10789
9457
273
1223
7678
2545
13326
23400
10444
13127
19982
8647
7847
413
2251
8507
11546
11512
4563
7941
3329
27324
17282
3099
6452
9468
11005
10287
6617
12672
1267
16567
4341
779
5156
12155
9315
6490
3315
6051
14046
6986
1965
5875
22318
11724
9786
5614
13607
7326
3330
24057
4333
3671
5442
4258
3195
22001
3736
6025
5013
9717
5405
13061
7335
11607
10430
7442
386
11717
6935
23308
5498
4532
374
14920
660
13269
5327
2287
22382
5763
1982
3280
19559
4757
8851
2479
10241
752
26892
2836
8690
7823
2691
3165
11580
24542
8077
4516
2401
14164
2587
5571
23921
26085
7399
8602
1264
2560
9311
8680
10208
4924
5897
898
42
8771
8656
8699
821
8343
32407
2485
20529
5836
11154
7571
25878
4414
3921
2756
2500
15371
1141
5468
4364
3506
1293
7936
9744
9983
7519
22808
1563
6723
19748
14885
897
12228
2818
4006
4654
11324
3230
18625
5955
12358
768
24853
12340
21157
13452
15215
3192
5155
4192
4182
2153
2817
5946
10070
11863
7095
3996
6709
506
4655
1028
14011
5130
2198
3268
2512
1944
12030
9372
4547
9436
15905
12278
4727
12949
8994
1350
1629
511
4060
9427
9653
20799
23526
6390
14581
6148
4113
1034
4369
1991
1443
11996
1025
9081
4520
4180
5035
696
288
4399
5951
9102
5729
11477
7736
11360
7690
8882
10599
10678
10660
12263
10145
1516
480
14231
8869
9225
17247
12431
11122
10253
12465
2757
6434
15277
4666
23522
7401
15085
23638
7104
5193
10417
6223
5350
20842
6507
674
12524
6849
2124
7668
4936
8299
12580
10384
13029
5263
23843
3161
5373
30662
5027
19239
1933
703
11523
4958
1037
3237
2106
7258
6719
7760
4898
12655
4490
1731
5880
734
6219
10698
12815
9290
13443
6505
8693
1272
28178
8767
6242
7498
751
24673
8009
28268
1063
1921
4877
12360
11363
1917
5233
3686
13925
13244
12776
16608
10121
10850
3416
3191
5549
889
3339
6152
6360
3116
11712
13489
11917
13984
6542
11446
3206
3307
2168
2883
8428
25108
23379
7879
11610
5197
10970
6285
5681
14394
1604
15028
30863
3614
8493
8001
7407
381
578
13672
1914
13545
9724
9699
14377
9118
11839
13428
8521
7232
2365
10176
8053
6249
9613
955
11819
3922
11623
4240
11556
7724
12536
10114
14202
10907
6738
7876
6549
8703
16675
1888
2723
7659
4245
12422
2993
2951
9264
1341
20757
9715
8874
6780
6933
2692
14641
8941
13190
12031
16375
7373
24756
5318
1332
12958
106
2889
1614
827
22874
13349
10313
7274
6270
7857
11701
22324
2752
2742
9705
5384
1511
6855
8987
13032
2335
4844
2381
2316
20597
21536
14026
10261
18126
11491
10518
7987
9841
22747
3477
7994
2569
6175
4142
17144
9987
26332
53
3760
11000
3683
5368
5854
15077
5835
6680
2866
11146
10842
2100
18318
262
10463
7838
12436
2023
22434
14428
733
4241
3573
10642
10217
7469
6030
15782
9674
5691
11984
3
3471
6807
3346
5154
7577
8829
14745
14792
2924
9577
11581
8161
5345
13767
18684
12902
22650
2308
9827
11797
6264
6544
22299
22977
26741
3129
11698
13942
15418
479
6402
7700
9150
10782
3557
2312
13155
14959
33523
434
9379
2192
13933
10315
7100
3791
5216
2273
24627
7249
7819
5871
12053
21129
7902
11657
11620
8445
4612
9358
27299
4002
7998
6309
6917
11941
9156
12796
24328
21144
7779
14171
7345
11718
3000
1471
8074
5833
8763
2013
9673
24251
2355
19995
21173
4914
1934
4165
2526
14283
20000
9384
4606
4260
8424
652
6532
1697
11254
12135
22232
13133
18121
9912
24199
15842
1145
12803
5776
1118
5299
7285
13789
1465
3571
3553
8102
13926
4106
19746
12342
2372
30646
11997
27079
9042
1997
10407
3348
5145
8861
2125
5790
11066
7640
23174
10364
17151
11866
8575
6851
10037
1969
8784
11147
999
23797
24060
5407
11912
5228
18683
2887
9651
2532
6063
22547
6313
2162
8726
2911
13089
10398
4281
11998
12092
808
7499
30474
3210
3665
6174
516
2448
5874
5852
8274
9016
3897
16990
7908
14014
9018
4040
2039
400
9119
8431
318
3488
9874
5527
2070
3599
9997
6568
3961
19766
19980
849
25774
3916
11808
11002
20806
6068
1948
2447
4235
22354
549
11055
10455
2974
21499
10259
22424
806
8502
21235
16996
27805
2823
9565
1980
1456
295
12513
13331
2423
14620
8475
23796
11723
22622
9423
4590
10641
7400
8246
1930
500
2518
679
9341
6074
7244
5132
6274
24697
22023
6287
8848
31319
10621
14770
2336
7061
4150
12625
13512
5038
13574
2999
2206
10522
5062
4747
3856
11715
1113
12836
860
800
7813
18671
6304
3341
4005
28591
2988
10371
10506
17992
11925
17832
2955
3190
7931
22563
1877
1539
2210
21256
6279
4915
9943
16575
2905
3458
12976
2542
9293
11306
2481
701
18438
14311
14672
13829
3304
9562
7793
8348
5273
414
31801
6495
6448
11234
1755
10089
9708
2494
29635
181
10366
1754
6291
344
4722
10949
3505
10041
12022
4994
2000
598
9738
1793
22284
6335
8155
9242
4716
7147
25253
12048
7018
987
7783
26713
16924
4907
4026
3638
4295
32536
7630
6806
21428
9782
1937
12004
8389
2502
20056
482
12844
1952
7328
14568
7443
5976
24726
21351
9079
11593
9859
8847
12724
4064
3517
7016
9538
28481
3784
4290
2344
10803
27146
17051
780
4996
9896
8467
3541
10080
2611
15857
16558
1170
6915
3912
15116
6220
13604
27920
4593
95
12775
7835
4570
25035
11345
11253
4935
9512
8678
18497
10351
18743
4755
9633
7979
12077
6750
21350
15927
8495
2276
662
333
742
4527
2223
6536
2217
14053
572
18014
20134
10340
8273
3398
4312
27809
21095
5796
7197
18353
10749
3122
1506
1724
7981
7202
12982
11251
9243
7411
9351
7629
1463
8730
12386
6930
6847
12727
10462
25377
28668
12572
6652
6243
8677
11557
20067
7514
11417
3134
7530
9078
3216
1741
15127
279
5530
5878
3440
4976
2209
2609
25583
10075
4307
6201
341
6437
471
10973
17022
11630
39
6745
15326
8901
1434
28598
24319
19591
675
8190
2890
11680
18410
13866
11920
10164
9456
5561
3167
15861
14248
4315
6710
9499
16051
33352
6744
2962
12877
6433
762
837
19985
1824
14
4023
3010
5287
761
2841
12715
13734
902
735
721
4828
10048
3871
8756
2970
5334
7955
10705
2952
6760
2868
11452
9913
11094
2478
6729
11622
13329
16170
1394
5247
10028
3151
8954
21161
4336
18675
10153
2436
14642
3203
12995
11373
9236
12621
10983
13918
10263
13154
7251
3236
10034
1534
13883
1060
246
8416
8779
9218
4355
4108
7207
11716
5866
22928
6387
8891
12308
2935
3446
8430
5066
11320
3445
12338
362
7013
16908
21368
5972
3624
373
14876
2906
871
5901
2151
12799
11088
10403
22285
10173
22777
9615
12861
6813
13841
32895
2831
7107
7568
7977
22418
27851
5232
3928
11524
7982
5251
3095
19990
995
764
8806
2979
12089
15828
3137
3019
9804
23944
11046
420
24260
30891
3178
12701
17437
10383
4631
778
18969
25781
11016
20927
3687
3252
4619
1018
9288
3169
1183
835
2379
24866
4624
6853
4400
3836
6757
2730
1902
509
16245
24325
1052
6914
3383
513
1782
9206
22410
11659
24078
4656
6524
8860
17417
5619
2747
14373
25292
1792
5797
4807
2763
9438
1719
11457
20467
12871
29726
8830
13613
4829
7338
851
7578
3786
6348
2933
3267
6993
2208
4839
22180
12337
8619
4560
2506
2467
3737
4123
4359
1656
2329
10674
10139
10159
3867
21403
2392
6874
1600
2743
11475
20046
8134
21450
8708
1301
18050
4238
375
10424
848
7434
28910
18928
1552
11361
18
2238
33
1005
14084
1215
869
6021
304
21799
1100
7812
13042
2324
10086
24195
7007
3342
10880
7162
24299
23162
1439
11061
24475
7625
11802
11271
12388
9713
2834
23762
8217
19778
15627
142
5590
12817
12770
30513
21776
2085
2170
2543
8985
12951
5417
9686
13656
7433
9937
11525
11223
283
5223
7136
11116
1448
3256
14076
12916
3646
4122
8930
11528
1086
11091
14838
551
10411
22200
20552
7546
13195
12876
11052
9864
2406
13755
13657
14659
6341
3494
6831
3718
401
15375
12020
1147
525
3434
14439
11568
1734
13960
1190
14057
11151
3170
538
1078
9590
3389
4577
26935
693
15
21466
15238
8114
399
1875
9339
225
18654
3909
12364
12367
8957
14374
879
12837
6237
24871
21609
11809
10945
4542
21473
6821
4620
9012
13488
17866
12315
5744
10736
3695
8902
349
11313
12634
20080
15963
6236
10361
25049
8411
7402
12674
447
16024
13821
12505
3917
15339
3889
5495
12212
4279
2326
13654
9473
3193
24152
7311
14661
24538
7075
16802
15707
9117
2360
6867
17884
7241
11566
4114
31570
9059
7299
1904
4826
2457
11303
7368
811
8886
6048
2394
1276
11495
11513
2617
6661
14779
2442
5631
6872
3924
6828
5674
1298
8568
18984
8814
7269
1508
7618
3354
3799
23533
6667
3796
16572
12529
14047
5242
24247
8720
14069
2214
20024
23480
7119
22556
19647
3704
7141
3292
14673
4543
4887
10339
19717
3406
5945
4001
961
1300
23765
18764
6456
2413
13979
23804
9622
2268
3550
1510
24930
9022
1370
747
10585
4812
12606
4900
10542
13974
15261
10824
7892
6318
24684
4525
7989
11948
4402
22388
3669
1393
3086
14257
15609
6653
6035
10425
10456
4282
20543
11060
14078
7096
20910
6386
7070
6857
3546
14586
14563
3089
13337
850
4709
11606
7059
2772
1922
12368
6308
4591
2451
5985
581
4089
575
9886
11841
15661
6922
908
2508
8458
11344
244
19770
11685
8206
6079
28366
787
11689
758
16701
3428
13341
9554
10615
8398
7357
9936
10754
4611
5215
9165
9620
678
3802
12440
3755
7289
12056
4330
21383
6169
7909
23656
4323
8203
13550
10951
14949
7680
905
6786
7099
6682
4822
2350
37
4149
10478
13316
9450
1038
382
2941
5679
6198
10296
11314
24181
15602
10597
29378
10280
19596
3804
16199
9110
1340
119
4177
8282
3062
4923
6596
24129
8271
3884
790
7296
21467
3166
1947
2171
4771
9169
11780
8736
14462
4849
11670
6013
284
22818
22223
210
2357
9137
7126
5137
20163
9435
10277
886
7178
9222
6026
9134
7846
6550
16378
389
14333
7174
4037
9525
3604
7316
15960
5737
16647
2574
2314
1482
960
698
4234
7913
2262
4736
8311
22244
33421
2032
14787
14765
6626
8008
7023
14199
10224
4784
5809
14913
12855
28255
8158
14406
2656
4540
365
1949
24324
5002
13520
11927
1938
12122
5455
25457
5262
20029
20573
5994
25683
28367
9739
6145
11386
11196
9399
5030
12583
3379
1483
1039
3244
8131
5710
21622
22169
12734
10539
3464
11034
7543
10685
10917
8037
23908
2120
2599
5668
20449
15767
1084
